ncpu        =        600
ndim        =          3
levelmin    =          9
levelmax    =         16
ngridmax    =     333333
nstep_coarse=        276
 
boxlen      =  0.100000000000000E+01
time        = -0.620249055244711E+01
aexp        =  0.123442315656970E+00
H0          =  0.720000000000000E+02
omega_m     =  0.259999990463257E+00
omega_l     =  0.740000009536743E+00
omega_k     =  0.000000000000000E+00
omega_b     =  0.469999983906746E-01
unit_l      =  0.249169412280883E+26
unit_d      =  0.134711289683650E-26
unit_t      =  0.651848004275630E+16
 
ordering type=hilbert                                                                         
   DOMAIN   ind_min                 ind_max
       1   0.000000000000000E+00   0.500608637337600E+13
       2   0.500608637337600E+13   0.806361654886400E+13
       3   0.806361654886400E+13   0.101049507512320E+14
       4   0.101049507512320E+14   0.153198463549440E+14
       5   0.153198463549440E+14   0.210598352650240E+14
       6   0.210598352650240E+14   0.259172755046400E+14
       7   0.259172755046400E+14   0.290622485299200E+14
       8   0.290622485299200E+14   0.337886188666880E+14
       9   0.337886188666880E+14   0.388639846563840E+14
      10   0.388639846563840E+14   0.447886739374080E+14
      11   0.447886739374080E+14   0.494434789621760E+14
      12   0.494434789621760E+14   0.539984239001600E+14
      13   0.539984239001600E+14   0.573766736281600E+14
      14   0.573766736281600E+14   0.615616523468800E+14
      15   0.615616523468800E+14   0.663906649374720E+14
      16   0.663906649374720E+14   0.712771045949440E+14
      17   0.712771045949440E+14   0.758469581864960E+14
      18   0.758469581864960E+14   0.798093171752960E+14
      19   0.798093171752960E+14   0.835141458984960E+14
      20   0.835141458984960E+14   0.862808598118400E+14
      21   0.862808598118400E+14   0.906580795064320E+14
      22   0.906580795064320E+14   0.954307172106240E+14
      23   0.954307172106240E+14   0.100516260478976E+15
      24   0.100516260478976E+15   0.104916219592704E+15
      25   0.104916219592704E+15   0.108928222363648E+15
      26   0.108928222363648E+15   0.111290815086592E+15
      27   0.111290815086592E+15   0.114153922494464E+15
      28   0.114153922494464E+15   0.118841644417024E+15
      29   0.118841644417024E+15   0.123593298018304E+15
      30   0.123593298018304E+15   0.127917031948288E+15
      31   0.127917031948288E+15   0.131670929833984E+15
      32   0.131670929833984E+15   0.134660725932032E+15
      33   0.134660725932032E+15   0.135712764592128E+15
      34   0.135712764592128E+15   0.137963308580864E+15
      35   0.137963308580864E+15   0.140563963445248E+15
      36   0.140563963445248E+15   0.145758355456000E+15
      37   0.145758355456000E+15   0.150906643415040E+15
      38   0.150906643415040E+15   0.156388181409792E+15
      39   0.156388181409792E+15   0.161183797608448E+15
      40   0.161183797608448E+15   0.165029051629568E+15
      41   0.165029051629568E+15   0.169533895606272E+15
      42   0.169533895606272E+15   0.174353157193728E+15
      43   0.174353157193728E+15   0.178809236094976E+15
      44   0.178809236094976E+15   0.183850068082688E+15
      45   0.183850068082688E+15   0.188900647632896E+15
      46   0.188900647632896E+15   0.193994898276352E+15
      47   0.193994898276352E+15   0.196121930498048E+15
      48   0.196121930498048E+15   0.197177976553472E+15
      49   0.197177976553472E+15   0.199071348293632E+15
      50   0.199071348293632E+15   0.202037658648576E+15
      51   0.202037658648576E+15   0.204535721099264E+15
      52   0.204535721099264E+15   0.208244436107264E+15
      53   0.208244436107264E+15   0.211019175559168E+15
      54   0.211019175559168E+15   0.215062132293632E+15
      55   0.215062132293632E+15   0.219372685623296E+15
      56   0.219372685623296E+15   0.222002203852800E+15
      57   0.222002203852800E+15   0.224106770354176E+15
      58   0.224106770354176E+15   0.226548368015360E+15
      59   0.226548368015360E+15   0.231933518807040E+15
      60   0.231933518807040E+15   0.236333020741632E+15
      61   0.236333020741632E+15   0.240090114686976E+15
      62   0.240090114686976E+15   0.244682927898624E+15
      63   0.244682927898624E+15   0.249363246874624E+15
      64   0.249363246874624E+15   0.253517608517632E+15
      65   0.253517608517632E+15   0.258567875592192E+15
      66   0.258567875592192E+15   0.261495562698752E+15
      67   0.261495562698752E+15   0.265160035926016E+15
      68   0.265160035926016E+15   0.270456171003904E+15
      69   0.270456171003904E+15   0.275079837515776E+15
      70   0.275079837515776E+15   0.279685183307776E+15
      71   0.279685183307776E+15   0.283635959726080E+15
      72   0.283635959726080E+15   0.287376461004800E+15
      73   0.287376461004800E+15   0.291669668790272E+15
      74   0.291669668790272E+15   0.295994645807104E+15
      75   0.295994645807104E+15   0.301075036897280E+15
      76   0.301075036897280E+15   0.305125886197760E+15
      77   0.305125886197760E+15   0.308667126493184E+15
      78   0.308667126493184E+15   0.311567126102016E+15
      79   0.311567126102016E+15   0.315008265224192E+15
      80   0.315008265224192E+15   0.319683146285056E+15
      81   0.319683146285056E+15   0.323290979631104E+15
      82   0.323290979631104E+15   0.327004844982272E+15
      83   0.327004844982272E+15   0.331283511115776E+15
      84   0.331283511115776E+15   0.334930861096960E+15
      85   0.334930861096960E+15   0.337472151093248E+15
      86   0.337472151093248E+15   0.341279409963008E+15
      87   0.341279409963008E+15   0.344867435708416E+15
      88   0.344867435708416E+15   0.347250740699136E+15
      89   0.347250740699136E+15   0.348315612872704E+15
      90   0.348315612872704E+15   0.350172502556672E+15
      91   0.350172502556672E+15   0.353510973505536E+15
      92   0.353510973505536E+15   0.356762767065088E+15
      93   0.356762767065088E+15   0.360236837765120E+15
      94   0.360236837765120E+15   0.362920728854528E+15
      95   0.362920728854528E+15   0.365603990536192E+15
      96   0.365603990536192E+15   0.367208437907456E+15
      97   0.367208437907456E+15   0.370778184876032E+15
      98   0.370778184876032E+15   0.373400749813760E+15
      99   0.373400749813760E+15   0.377469515333632E+15
     100   0.377469515333632E+15   0.382438167543808E+15
     101   0.382438167543808E+15   0.387147127324672E+15
     102   0.387147127324672E+15   0.390182427688960E+15
     103   0.390182427688960E+15   0.393769327263744E+15
     104   0.393769327263744E+15   0.397788890267648E+15
     105   0.397788890267648E+15   0.401812175192064E+15
     106   0.401812175192064E+15   0.407289164988416E+15
     107   0.407289164988416E+15   0.409858006319104E+15
     108   0.409858006319104E+15   0.413075296223232E+15
     109   0.413075296223232E+15   0.417730029158400E+15
     110   0.417730029158400E+15   0.421458588467200E+15
     111   0.421458588467200E+15   0.423308537364480E+15
     112   0.423308537364480E+15   0.427402563944448E+15
     113   0.427402563944448E+15   0.432110619852800E+15
     114   0.432110619852800E+15   0.435413753790464E+15
     115   0.435413753790464E+15   0.439516475162624E+15
     116   0.439516475162624E+15   0.442835650215936E+15
     117   0.442835650215936E+15   0.447606207545344E+15
     118   0.447606207545344E+15   0.452789662646272E+15
     119   0.452789662646272E+15   0.456914290868224E+15
     120   0.456914290868224E+15   0.461521616371712E+15
     121   0.461521616371712E+15   0.466511126855680E+15
     122   0.466511126855680E+15   0.470827921309696E+15
     123   0.470827921309696E+15   0.474683390558208E+15
     124   0.474683390558208E+15   0.476733396484096E+15
     125   0.476733396484096E+15   0.479079291682816E+15
     126   0.479079291682816E+15   0.481960346255360E+15
     127   0.481960346255360E+15   0.483892228259840E+15
     128   0.483892228259840E+15   0.486888951513088E+15
     129   0.486888951513088E+15   0.491966525603840E+15
     130   0.491966525603840E+15   0.495348269187072E+15
     131   0.495348269187072E+15   0.497724180922368E+15
     132   0.497724180922368E+15   0.500844504023040E+15
     133   0.500844504023040E+15   0.501900984188928E+15
     134   0.501900984188928E+15   0.504980041629696E+15
     135   0.504980041629696E+15   0.505897225224192E+15
     136   0.505897225224192E+15   0.507874436448256E+15
     137   0.507874436448256E+15   0.508512685785088E+15
     138   0.508512685785088E+15   0.509886794563584E+15
     139   0.509886794563584E+15   0.512702443159552E+15
     140   0.512702443159552E+15   0.516234164568064E+15
     141   0.516234164568064E+15   0.520690662899712E+15
     142   0.520690662899712E+15   0.524706773991424E+15
     143   0.524706773991424E+15   0.526374233473024E+15
     144   0.526374233473024E+15   0.527397361287168E+15
     145   0.527397361287168E+15   0.528812212486144E+15
     146   0.528812212486144E+15   0.531168237715456E+15
     147   0.531168237715456E+15   0.535536016031744E+15
     148   0.535536016031744E+15   0.538940260171776E+15
     149   0.538940260171776E+15   0.541026796175360E+15
     150   0.541026796175360E+15   0.546626007465984E+15
     151   0.546626007465984E+15   0.551005737058304E+15
     152   0.551005737058304E+15   0.553152166428672E+15
     153   0.553152166428672E+15   0.555828176224256E+15
     154   0.555828176224256E+15   0.559651150102528E+15
     155   0.559651150102528E+15   0.564961692614656E+15
     156   0.564961692614656E+15   0.570955321573376E+15
     157   0.570955321573376E+15   0.575516155314176E+15
     158   0.575516155314176E+15   0.580497830838272E+15
     159   0.580497830838272E+15   0.584289984970752E+15
     160   0.584289984970752E+15   0.590134462382080E+15
     161   0.590134462382080E+15   0.594151686537216E+15
     162   0.594151686537216E+15   0.598155380916224E+15
     163   0.598155380916224E+15   0.599716928684032E+15
     164   0.599716928684032E+15   0.602184345452544E+15
     165   0.602184345452544E+15   0.605888570195968E+15
     166   0.605888570195968E+15   0.611149905133568E+15
     167   0.611149905133568E+15   0.614414231273472E+15
     168   0.614414231273472E+15   0.617470238916608E+15
     169   0.617470238916608E+15   0.621066514857984E+15
     170   0.621066514857984E+15   0.625420705726464E+15
     171   0.625420705726464E+15   0.630054472122368E+15
     172   0.630054472122368E+15   0.633672998846464E+15
     173   0.633672998846464E+15   0.638603923292160E+15
     174   0.638603923292160E+15   0.644338895814656E+15
     175   0.644338895814656E+15   0.649505800192000E+15
     176   0.649505800192000E+15   0.653781649850368E+15
     177   0.653781649850368E+15   0.658864775102464E+15
     178   0.658864775102464E+15   0.663653632180224E+15
     179   0.663653632180224E+15   0.667122727124992E+15
     180   0.667122727124992E+15   0.671987613564928E+15
     181   0.671987613564928E+15   0.677265205624832E+15
     182   0.677265205624832E+15   0.681889291567104E+15
     183   0.681889291567104E+15   0.687323750596608E+15
     184   0.687323750596608E+15   0.692552116207616E+15
     185   0.692552116207616E+15   0.697411840245760E+15
     186   0.697411840245760E+15   0.702652807643136E+15
     187   0.702652807643136E+15   0.707211915427840E+15
     188   0.707211915427840E+15   0.711177227206656E+15
     189   0.711177227206656E+15   0.715658364977152E+15
     190   0.715658364977152E+15   0.719600731815936E+15
     191   0.719600731815936E+15   0.722664889298944E+15
     192   0.722664889298944E+15   0.726775827005440E+15
     193   0.726775827005440E+15   0.730507717378048E+15
     194   0.730507717378048E+15   0.733194190061568E+15
     195   0.733194190061568E+15   0.735443872120832E+15
     196   0.735443872120832E+15   0.740492174163968E+15
     197   0.740492174163968E+15   0.745875898892288E+15
     198   0.745875898892288E+15   0.751084524011520E+15
     199   0.751084524011520E+15   0.755116787367936E+15
     200   0.755116787367936E+15   0.759796525432832E+15
     201   0.759796525432832E+15   0.764504245796864E+15
     202   0.764504245796864E+15   0.769724409446400E+15
     203   0.769724409446400E+15   0.773334442704896E+15
     204   0.773334442704896E+15   0.774759302299648E+15
     205   0.774759302299648E+15   0.779103349243904E+15
     206   0.779103349243904E+15   0.783173327781888E+15
     207   0.783173327781888E+15   0.788620487163904E+15
     208   0.788620487163904E+15   0.793339465039872E+15
     209   0.793339465039872E+15   0.799422464131072E+15
     210   0.799422464131072E+15   0.804147342278656E+15
     211   0.804147342278656E+15   0.806793829679104E+15
     212   0.806793829679104E+15   0.811280248078336E+15
     213   0.811280248078336E+15   0.815190272638976E+15
     214   0.815190272638976E+15   0.815948556664832E+15
     215   0.815948556664832E+15   0.821656368971776E+15
     216   0.821656368971776E+15   0.827405837008896E+15
     217   0.827405837008896E+15   0.832849288626176E+15
     218   0.832849288626176E+15   0.837601185497088E+15
     219   0.837601185497088E+15   0.841138810388480E+15
     220   0.841138810388480E+15   0.846645665202176E+15
     221   0.846645665202176E+15   0.849024907214848E+15
     222   0.849024907214848E+15   0.853302778527744E+15
     223   0.853302778527744E+15   0.858534879166464E+15
     224   0.858534879166464E+15   0.863823435137024E+15
     225   0.863823435137024E+15   0.867809812807680E+15
     226   0.867809812807680E+15   0.870514625085440E+15
     227   0.870514625085440E+15   0.873095644577792E+15
     228   0.873095644577792E+15   0.876168848867328E+15
     229   0.876168848867328E+15   0.881365910290432E+15
     230   0.881365910290432E+15   0.885065319972864E+15
     231   0.885065319972864E+15   0.888470859939840E+15
     232   0.888470859939840E+15   0.891317146845184E+15
     233   0.891317146845184E+15   0.894513862148096E+15
     234   0.894513862148096E+15   0.898997451489280E+15
     235   0.898997451489280E+15   0.902949547016192E+15
     236   0.902949547016192E+15   0.908138538598400E+15
     237   0.908138538598400E+15   0.912224730218496E+15
     238   0.912224730218496E+15   0.913935817506816E+15
     239   0.913935817506816E+15   0.917642646913024E+15
     240   0.917642646913024E+15   0.923561850044416E+15
     241   0.923561850044416E+15   0.929167436677120E+15
     242   0.929167436677120E+15   0.933599878275072E+15
     243   0.933599878275072E+15   0.936958402494464E+15
     244   0.936958402494464E+15   0.941528788762624E+15
     245   0.941528788762624E+15   0.946063914303488E+15
     246   0.946063914303488E+15   0.950716738830336E+15
     247   0.950716738830336E+15   0.953435497168896E+15
     248   0.953435497168896E+15   0.958902770335744E+15
     249   0.958902770335744E+15   0.963931335360512E+15
     250   0.963931335360512E+15   0.966363499724800E+15
     251   0.966363499724800E+15   0.971354752942080E+15
     252   0.971354752942080E+15   0.975827525173248E+15
     253   0.975827525173248E+15   0.981353185148928E+15
     254   0.981353185148928E+15   0.985338327597056E+15
     255   0.985338327597056E+15   0.990455714021376E+15
     256   0.990455714021376E+15   0.993489236000768E+15
     257   0.993489236000768E+15   0.998114462793728E+15
     258   0.998114462793728E+15   0.100363800884019E+16
     259   0.100363800884019E+16   0.100905906287411E+16
     260   0.100905906287411E+16   0.101472678602342E+16
     261   0.101472678602342E+16   0.102022134733210E+16
     262   0.102022134733210E+16   0.102651109205606E+16
     263   0.102651109205606E+16   0.103210882695168E+16
     264   0.103210882695168E+16   0.103716509397811E+16
     265   0.103716509397811E+16   0.104189298055578E+16
     266   0.104189298055578E+16   0.104739255196058E+16
     267   0.104739255196058E+16   0.105333802821222E+16
     268   0.105333802821222E+16   0.105763428735386E+16
     269   0.105763428735386E+16   0.106388512571392E+16
     270   0.106388512571392E+16   0.106715846121882E+16
     271   0.106715846121882E+16   0.107140120104141E+16
     272   0.107140120104141E+16   0.107578015979930E+16
     273   0.107578015979930E+16   0.107916791119872E+16
     274   0.107916791119872E+16   0.108199153762304E+16
     275   0.108199153762304E+16   0.108637099497882E+16
     276   0.108637099497882E+16   0.109035472581427E+16
     277   0.109035472581427E+16   0.109525835186176E+16
     278   0.109525835186176E+16   0.110067519481446E+16
     279   0.110067519481446E+16   0.110395394936013E+16
     280   0.110395394936013E+16   0.111017042798182E+16
     281   0.111017042798182E+16   0.111426531019981E+16
     282   0.111426531019981E+16   0.111873127455130E+16
     283   0.111873127455130E+16   0.112450205646848E+16
     284   0.112450205646848E+16   0.112878562154906E+16
     285   0.112878562154906E+16   0.113302569379430E+16
     286   0.113302569379430E+16   0.113704009570714E+16
     287   0.113704009570714E+16   0.114068733532570E+16
     288   0.114068733532570E+16   0.114532300724634E+16
     289   0.114532300724634E+16   0.115027658093363E+16
     290   0.115027658093363E+16   0.115339694178304E+16
     291   0.115339694178304E+16   0.115749415603405E+16
     292   0.115749415603405E+16   0.116130330548634E+16
     293   0.116130330548634E+16   0.116681200369664E+16
     294   0.116681200369664E+16   0.117110878293197E+16
     295   0.117110878293197E+16   0.117424418770125E+16
     296   0.117424418770125E+16   0.117594219819827E+16
     297   0.117594219819827E+16   0.118080556997018E+16
     298   0.118080556997018E+16   0.118568403966362E+16
     299   0.118568403966362E+16   0.118983484663398E+16
     300   0.118983484663398E+16   0.119288896474317E+16
     301   0.119288896474317E+16   0.119651975561216E+16
     302   0.119651975561216E+16   0.120075237667635E+16
     303   0.120075237667635E+16   0.120559789880115E+16
     304   0.120559789880115E+16   0.120996058601882E+16
     305   0.120996058601882E+16   0.121359941867930E+16
     306   0.121359941867930E+16   0.121696902184960E+16
     307   0.121696902184960E+16   0.121913622292070E+16
     308   0.121913622292070E+16   0.122253686580838E+16
     309   0.122253686580838E+16   0.122828623970304E+16
     310   0.122828623970304E+16   0.123402015526093E+16
     311   0.123402015526093E+16   0.123953135327642E+16
     312   0.123953135327642E+16   0.124455290824294E+16
     313   0.124455290824294E+16   0.124984256312115E+16
     314   0.124984256312115E+16   0.125359834444595E+16
     315   0.125359834444595E+16   0.125496481493811E+16
     316   0.125496481493811E+16   0.125732732167782E+16
     317   0.125732732167782E+16   0.126014117327667E+16
     318   0.126014117327667E+16   0.126523117928448E+16
     319   0.126523117928448E+16   0.126942882195046E+16
     320   0.126942882195046E+16   0.127352528122675E+16
     321   0.127352528122675E+16   0.127738189761741E+16
     322   0.127738189761741E+16   0.127981075405210E+16
     323   0.127981075405210E+16   0.128489426098586E+16
     324   0.128489426098586E+16   0.128845420167168E+16
     325   0.128845420167168E+16   0.129387394708275E+16
     326   0.129387394708275E+16   0.129792615320781E+16
     327   0.129792615320781E+16   0.130216256287539E+16
     328   0.130216256287539E+16   0.130579147368038E+16
     329   0.130579147368038E+16   0.131055177485517E+16
     330   0.131055177485517E+16   0.131531803092582E+16
     331   0.131531803092582E+16   0.132005038443725E+16
     332   0.132005038443725E+16   0.132324577089946E+16
     333   0.132324577089946E+16   0.132851888134554E+16
     334   0.132851888134554E+16   0.133292300120883E+16
     335   0.133292300120883E+16   0.133594981230182E+16
     336   0.133594981230182E+16   0.133823298587853E+16
     337   0.133823298587853E+16   0.134130897126605E+16
     338   0.134130897126605E+16   0.134501363613696E+16
     339   0.134501363613696E+16   0.134878634547610E+16
     340   0.134878634547610E+16   0.135312281698304E+16
     341   0.135312281698304E+16   0.135692293242880E+16
     342   0.135692293242880E+16   0.136047118988083E+16
     343   0.136047118988083E+16   0.136347324619162E+16
     344   0.136347324619162E+16   0.136591878547046E+16
     345   0.136591878547046E+16   0.136876537885491E+16
     346   0.136876537885491E+16   0.137127378760499E+16
     347   0.137127378760499E+16   0.137479068712960E+16
     348   0.137479068712960E+16   0.137796190522573E+16
     349   0.137796190522573E+16   0.138034041742950E+16
     350   0.138034041742950E+16   0.138341490517606E+16
     351   0.138341490517606E+16   0.138791452095283E+16
     352   0.138791452095283E+16   0.139394829569229E+16
     353   0.139394829569229E+16   0.139830226845696E+16
     354   0.139830226845696E+16   0.140167874616115E+16
     355   0.140167874616115E+16   0.140525480968192E+16
     356   0.140525480968192E+16   0.140819527263846E+16
     357   0.140819527263846E+16   0.141241902274970E+16
     358   0.141241902274970E+16   0.141522830046003E+16
     359   0.141522830046003E+16   0.141575693861683E+16
     360   0.141575693861683E+16   0.141849113133056E+16
     361   0.141849113133056E+16   0.142303193517261E+16
     362   0.142303193517261E+16   0.142637117997056E+16
     363   0.142637117997056E+16   0.142861313821901E+16
     364   0.142861313821901E+16   0.143002779936358E+16
     365   0.143002779936358E+16   0.143353781105459E+16
     366   0.143353781105459E+16   0.143644380941517E+16
     367   0.143644380941517E+16   0.143982344536064E+16
     368   0.143982344536064E+16   0.144385864682701E+16
     369   0.144385864682701E+16   0.144542087407206E+16
     370   0.144542087407206E+16   0.144699146685645E+16
     371   0.144699146685645E+16   0.145059639774413E+16
     372   0.145059639774413E+16   0.145526452387840E+16
     373   0.145526452387840E+16   0.145863724551373E+16
     374   0.145863724551373E+16   0.146087151350579E+16
     375   0.146087151350579E+16   0.146504376175821E+16
     376   0.146504376175821E+16   0.146857498823885E+16
     377   0.146857498823885E+16   0.147151783775437E+16
     378   0.147151783775437E+16   0.147469850640384E+16
     379   0.147469850640384E+16   0.147583418030899E+16
     380   0.147583418030899E+16   0.147665051451392E+16
     381   0.147665051451392E+16   0.147887722699162E+16
     382   0.147887722699162E+16   0.148235979482726E+16
     383   0.148235979482726E+16   0.148574085683610E+16
     384   0.148574085683610E+16   0.148827843408691E+16
     385   0.148827843408691E+16   0.149169391638938E+16
     386   0.149169391638938E+16   0.149681095678362E+16
     387   0.149681095678362E+16   0.150005989192499E+16
     388   0.150005989192499E+16   0.150524623270707E+16
     389   0.150524623270707E+16   0.150931593835315E+16
     390   0.150931593835315E+16   0.151127916484608E+16
     391   0.151127916484608E+16   0.151376570299187E+16
     392   0.151376570299187E+16   0.151795515837645E+16
     393   0.151795515837645E+16   0.152219508591821E+16
     394   0.152219508591821E+16   0.152486464297370E+16
     395   0.152486464297370E+16   0.152583320213914E+16
     396   0.152583320213914E+16   0.152718792146944E+16
     397   0.152718792146944E+16   0.152960216177050E+16
     398   0.152960216177050E+16   0.153297252830413E+16
     399   0.153297252830413E+16   0.153600382939955E+16
     400   0.153600382939955E+16   0.153816505987891E+16
     401   0.153816505987891E+16   0.153989883651686E+16
     402   0.153989883651686E+16   0.154423264070861E+16
     403   0.154423264070861E+16   0.154949345555251E+16
     404   0.154949345555251E+16   0.155487702928589E+16
     405   0.155487702928589E+16   0.156036269237862E+16
     406   0.156036269237862E+16   0.156546721067827E+16
     407   0.156546721067827E+16   0.157156685276774E+16
     408   0.157156685276774E+16   0.157736977301504E+16
     409   0.157736977301504E+16   0.158343178380902E+16
     410   0.158343178380902E+16   0.158813234030182E+16
     411   0.158813234030182E+16   0.159164224294093E+16
     412   0.159164224294093E+16   0.159534956308070E+16
     413   0.159534956308070E+16   0.159889126693274E+16
     414   0.159889126693274E+16   0.160265285297766E+16
     415   0.160265285297766E+16   0.160536331288576E+16
     416   0.160536331288576E+16   0.160735320814387E+16
     417   0.160735320814387E+16   0.160939964733850E+16
     418   0.160939964733850E+16   0.161204086295757E+16
     419   0.161204086295757E+16   0.161719849792307E+16
     420   0.161719849792307E+16   0.162083769417728E+16
     421   0.162083769417728E+16   0.162443464540160E+16
     422   0.162443464540160E+16   0.162725529806438E+16
     423   0.162725529806438E+16   0.163106169605325E+16
     424   0.163106169605325E+16   0.163426277208883E+16
     425   0.163426277208883E+16   0.163720876733235E+16
     426   0.163720876733235E+16   0.164152022663168E+16
     427   0.164152022663168E+16   0.164687912108032E+16
     428   0.164687912108032E+16   0.165085045981184E+16
     429   0.165085045981184E+16   0.165494882775859E+16
     430   0.165494882775859E+16   0.165944336003891E+16
     431   0.165944336003891E+16   0.166449665749811E+16
     432   0.166449665749811E+16   0.166816927816090E+16
     433   0.166816927816090E+16   0.167158897390387E+16
     434   0.167158897390387E+16   0.167710752033997E+16
     435   0.167710752033997E+16   0.168293081441894E+16
     436   0.168293081441894E+16   0.168857537033011E+16
     437   0.168857537033011E+16   0.169437275199898E+16
     438   0.169437275199898E+16   0.169958680245043E+16
     439   0.169958680245043E+16   0.170518677500723E+16
     440   0.170518677500723E+16   0.171125195669504E+16
     441   0.171125195669504E+16   0.171648175885517E+16
     442   0.171648175885517E+16   0.172025870444134E+16
     443   0.172025870444134E+16   0.172508534171238E+16
     444   0.172508534171238E+16   0.172709825059226E+16
     445   0.172709825059226E+16   0.172910858521805E+16
     446   0.172910858521805E+16   0.173366069690368E+16
     447   0.173366069690368E+16   0.173776406839296E+16
     448   0.173776406839296E+16   0.173946793099264E+16
     449   0.173946793099264E+16   0.174294191990374E+16
     450   0.174294191990374E+16   0.174641499445658E+16
     451   0.174641499445658E+16   0.174851527750451E+16
     452   0.174851527750451E+16   0.175162936367514E+16
     453   0.175162936367514E+16   0.175628530116198E+16
     454   0.175628530116198E+16   0.175910512754688E+16
     455   0.175910512754688E+16   0.176222880609075E+16
     456   0.176222880609075E+16   0.176715555825254E+16
     457   0.176715555825254E+16   0.177055177323315E+16
     458   0.177055177323315E+16   0.177267459856794E+16
     459   0.177267459856794E+16   0.177504030556160E+16
     460   0.177504030556160E+16   0.177653279201690E+16
     461   0.177653279201690E+16   0.177734545525555E+16
     462   0.177734545525555E+16   0.177964719695462E+16
     463   0.177964719695462E+16   0.178218235173274E+16
     464   0.178218235173274E+16   0.178735818997760E+16
     465   0.178735818997760E+16   0.179232701415424E+16
     466   0.179232701415424E+16   0.179694129591091E+16
     467   0.179694129591091E+16   0.180207467731354E+16
     468   0.180207467731354E+16   0.180671491552051E+16
     469   0.180671491552051E+16   0.180952178989466E+16
     470   0.180952178989466E+16   0.181224424439808E+16
     471   0.181224424439808E+16   0.181633586875597E+16
     472   0.181633586875597E+16   0.181879943305626E+16
     473   0.181879943305626E+16   0.182381310063411E+16
     474   0.182381310063411E+16   0.182954788860723E+16
     475   0.182954788860723E+16   0.183382933346714E+16
     476   0.183382933346714E+16   0.183923147957862E+16
     477   0.183923147957862E+16   0.184304157484646E+16
     478   0.184304157484646E+16   0.184659406015693E+16
     479   0.184659406015693E+16   0.184839238249677E+16
     480   0.184839238249677E+16   0.185074996110950E+16
     481   0.185074996110950E+16   0.185387493569331E+16
     482   0.185387493569331E+16   0.185689706594304E+16
     483   0.185689706594304E+16   0.186074601095168E+16
     484   0.186074601095168E+16   0.186336815140045E+16
     485   0.186336815140045E+16   0.186569695926682E+16
     486   0.186569695926682E+16   0.186658428498739E+16
     487   0.186658428498739E+16   0.186796539799142E+16
     488   0.186796539799142E+16   0.186930972275507E+16
     489   0.186930972275507E+16   0.187334895285043E+16
     490   0.187334895285043E+16   0.187801437995008E+16
     491   0.187801437995008E+16   0.187972187062272E+16
     492   0.187972187062272E+16   0.188106018285158E+16
     493   0.188106018285158E+16   0.188463782350029E+16
     494   0.188463782350029E+16   0.188671682464973E+16
     495   0.188671682464973E+16   0.188978141593600E+16
     496   0.188978141593600E+16   0.189385827942400E+16
     497   0.189385827942400E+16   0.189613089174323E+16
     498   0.189613089174323E+16   0.189848666033357E+16
     499   0.189848666033357E+16   0.190004662055731E+16
     500   0.190004662055731E+16   0.190099418618266E+16
     501   0.190099418618266E+16   0.190182194132173E+16
     502   0.190182194132173E+16   0.190301721749094E+16
     503   0.190301721749094E+16   0.190399068687565E+16
     504   0.190399068687565E+16   0.190681263269478E+16
     505   0.190681263269478E+16   0.190973539778560E+16
     506   0.190973539778560E+16   0.191283891431014E+16
     507   0.191283891431014E+16   0.191621704935014E+16
     508   0.191621704935014E+16   0.191825500424602E+16
     509   0.191825500424602E+16   0.191949059391488E+16
     510   0.191949059391488E+16   0.192146728130970E+16
     511   0.192146728130970E+16   0.192567732653261E+16
     512   0.192567732653261E+16   0.192943835892941E+16
     513   0.192943835892941E+16   0.193265002977690E+16
     514   0.193265002977690E+16   0.193652461456589E+16
     515   0.193652461456589E+16   0.194093898530816E+16
     516   0.194093898530816E+16   0.194260691320832E+16
     517   0.194260691320832E+16   0.194690250126131E+16
     518   0.194690250126131E+16   0.195113946133299E+16
     519   0.195113946133299E+16   0.195564180340736E+16
     520   0.195564180340736E+16   0.196065944928256E+16
     521   0.196065944928256E+16   0.196603124541030E+16
     522   0.196603124541030E+16   0.196865006056243E+16
     523   0.196865006056243E+16   0.197051036083814E+16
     524   0.197051036083814E+16   0.197158961256858E+16
     525   0.197158961256858E+16   0.197379668049920E+16
     526   0.197379668049920E+16   0.197705715836518E+16
     527   0.197705715836518E+16   0.198099908480205E+16
     528   0.198099908480205E+16   0.198513207227187E+16
     529   0.198513207227187E+16   0.198947357176627E+16
     530   0.198947357176627E+16   0.199155865314918E+16
     531   0.199155865314918E+16   0.199583296651264E+16
     532   0.199583296651264E+16   0.200009328885760E+16
     533   0.200009328885760E+16   0.200513734207078E+16
     534   0.200513734207078E+16   0.201039916931482E+16
     535   0.201039916931482E+16   0.201217702834995E+16
     536   0.201217702834995E+16   0.201534950788301E+16
     537   0.201534950788301E+16   0.201906025634202E+16
     538   0.201906025634202E+16   0.202292556359270E+16
     539   0.202292556359270E+16   0.202593224831795E+16
     540   0.202593224831795E+16   0.202771313508352E+16
     541   0.202771313508352E+16   0.203221328566682E+16
     542   0.203221328566682E+16   0.203848563241779E+16
     543   0.203848563241779E+16   0.204281118457856E+16
     544   0.204281118457856E+16   0.204610901481882E+16
     545   0.204610901481882E+16   0.205075855179776E+16
     546   0.205075855179776E+16   0.205499130917683E+16
     547   0.205499130917683E+16   0.205684990594253E+16
     548   0.205684990594253E+16   0.206054219697357E+16
     549   0.206054219697357E+16   0.206569171163546E+16
     550   0.206569171163546E+16   0.207094286804582E+16
     551   0.207094286804582E+16   0.207449871928525E+16
     552   0.207449871928525E+16   0.207882961577574E+16
     553   0.207882961577574E+16   0.208103312195584E+16
     554   0.208103312195584E+16   0.208552367803597E+16
     555   0.208552367803597E+16   0.208942797108019E+16
     556   0.208942797108019E+16   0.209241547315610E+16
     557   0.209241547315610E+16   0.209534851638886E+16
     558   0.209534851638886E+16   0.209877824910131E+16
     559   0.209877824910131E+16   0.210210730174054E+16
     560   0.210210730174054E+16   0.210526042849280E+16
     561   0.210526042849280E+16   0.210927526661325E+16
     562   0.210927526661325E+16   0.211210197480243E+16
     563   0.211210197480243E+16   0.211367941164237E+16
     564   0.211367941164237E+16   0.211622987694080E+16
     565   0.211622987694080E+16   0.211951372206080E+16
     566   0.211951372206080E+16   0.212319620772659E+16
     567   0.212319620772659E+16   0.212573398263398E+16
     568   0.212573398263398E+16   0.212802141054566E+16
     569   0.212802141054566E+16   0.213286606235238E+16
     570   0.213286606235238E+16   0.213574414992589E+16
     571   0.213574414992589E+16   0.213880178894438E+16
     572   0.213880178894438E+16   0.214110193118003E+16
     573   0.214110193118003E+16   0.214261849024102E+16
     574   0.214261849024102E+16   0.214597076674150E+16
     575   0.214597076674150E+16   0.214949352492237E+16
     576   0.214949352492237E+16   0.215218888271462E+16
     577   0.215218888271462E+16   0.215557026611200E+16
     578   0.215557026611200E+16   0.216073142429286E+16
     579   0.216073142429286E+16   0.216540859334656E+16
     580   0.216540859334656E+16   0.217083870707712E+16
     581   0.217083870707712E+16   0.217488275852493E+16
     582   0.217488275852493E+16   0.217844073208218E+16
     583   0.217844073208218E+16   0.218372394450944E+16
     584   0.218372394450944E+16   0.218825932092211E+16
     585   0.218825932092211E+16   0.219134256008397E+16
     586   0.219134256008397E+16   0.219368749478707E+16
     587   0.219368749478707E+16   0.219753088863437E+16
     588   0.219753088863437E+16   0.220345598056858E+16
     589   0.220345598056858E+16   0.220816194981069E+16
     590   0.220816194981069E+16   0.221184675282944E+16
     591   0.221184675282944E+16   0.221720396955648E+16
     592   0.221720396955648E+16   0.222151363369370E+16
     593   0.222151363369370E+16   0.222692632009114E+16
     594   0.222692632009114E+16   0.223039349535539E+16
     595   0.223039349535539E+16   0.223403904178586E+16
     596   0.223403904178586E+16   0.223755229986816E+16
     597   0.223755229986816E+16   0.224018121202074E+16
     598   0.224018121202074E+16   0.224272285958144E+16
     599   0.224272285958144E+16   0.224671539449037E+16
     600   0.224671539449037E+16   0.225179981368525E+16
